0.788596 0.000000 0.425326
0.000000 0.850651 0.262865
-0.788596 0.000000 0.425326
0.000000 0.850651 0.262865
-1.275977 0.525731 0.000000
-0.788596 0.000000 0.425326
0.000000 0.850651 0.262865
0.000000 0.850651 -0.262865
-1.275977 0.525731 0.000000
1.275977 0.525731 0.000000
0.000000 0.850651 -0.262865
0.000000 0.850651 0.262865
0.788596 0.000000 0.425326
1.275977 0.525731 0.000000
0.000000 0.850651 0.262865
0.788596 0.000000 0.425326
1.275977 -0.525731 0.000000
1.275977 0.525731 0.000000
1.275977 -0.525731 0.000000
0.788596 0.000000 -0.425326
1.275977 0.525731 0.000000
1.275977 0.525731 0.000000
0.788596 0.000000 -0.425326
0.000000 0.850651 -0.262865
0.788596 0.000000 -0.425326
-0.788596 0.000000 -0.425326
0.000000 0.850651 -0.262865
0.788596 0.000000 -0.425326
0.000000 -0.850651 -0.262865
-0.788596 0.000000 -0.425326
0.788596 0.000000 -0.425326
1.275977 -0.525731 0.000000
0.000000 -0.850651 -0.262865
1.275977 -0.525731 0.000000
0.000000 -0.850651 0.262865
0.000000 -0.850651 -0.262865
0.000000 -0.850651 0.262865
-1.275977 -0.525731 0.000000
0.000000 -0.850651 -0.262865
0.000000 -0.850651 0.262865
-0.788596 0.000000 0.425326
-1.275977 -0.525731 0.000000
0.000000 -0.850651 0.262865
0.788596 0.000000 0.425326
-0.788596 0.000000 0.425326
1.275977 -0.525731 0.000000
0.788596 0.000000 0.425326
0.000000 -0.850651 0.262865
-1.275977 -0.525731 0.000000
-0.788596 0.000000 0.425326
-1.275977 0.525731 0.000000
-0.788596 0.000000 -0.425326
-1.275977 -0.525731 0.000000
-1.275977 0.525731 0.000000
0.000000 0.850651 -0.262865
-0.788596 0.000000 -0.425326
-1.275977 0.525731 0.000000
-1.275977 -0.525731 0.000000
-0.788596 0.000000 -0.425326
0.000000 -0.850651 -0.262865